Number of units: 24
Average error: 0.818908141687


Unit: 0
Vector: [ 0.370 0.384 0.677 0.465 0.501 0.198 0.432 0.741 0.155 ] 
Unit Error: 1.63472595527
Visits: 614
Input: 0.242 0.309 0.523 0.511 0.542 0.273 0.330 0.800 0.000 
Target: 0.217 0.311 0.491 0.485 0.542 0.289 0.330 
Input: 0.483 0.255 0.830 0.530 0.597 0.238 0.330 0.750 0.000 
Target: 0.483 0.256 0.830 0.516 0.597 0.238 0.330 
Input: 0.448 0.414 0.727 0.392 0.570 0.113 0.670 0.500 0.100 
Target: 0.448 0.414 0.727 0.367 0.570 0.113 0.670 
Input: 0.508 0.470 0.824 0.430 0.570 0.113 0.670 0.900 0.150 
Target: 0.463 0.433 0.753 0.403 0.570 0.113 0.670 


Unit: 1
Vector: [ 0.359 0.366 0.467 0.691 0.618 0.058 0.632 0.218 0.675 ] 
Unit Error: 2.3013215602
Visits: 1753
Input: 0.326 0.351 0.411 0.732 0.604 0.026 0.670 0.000 0.350 
Target: 0.372 0.256 0.420 0.728 0.604 0.026 0.670 
Input: 0.295 0.418 0.399 0.717 0.604 0.026 0.670 0.300 0.650 
Target: 0.319 0.367 0.409 0.728 0.604 0.026 0.670 
Input: 0.248 0.522 0.368 0.697 0.604 0.027 0.670 0.050 0.700 
Target: 0.279 0.453 0.390 0.710 0.604 0.026 0.670 
Input: 0.232 0.542 0.364 0.677 0.599 0.040 0.670 0.300 0.550 
Target: 0.242 0.537 0.362 0.696 0.604 0.027 0.670 


Unit: 3
Vector: [ 0.355 0.483 0.661 0.532 0.499 0.197 0.484 0.530 0.673 ] 
Unit Error: 0.0478263374061
Visits: 1282
Input: 0.387 0.657 0.735 0.403 0.367 0.271 0.330 0.550 0.650 
Target: 0.401 0.669 0.752 0.419 0.367 0.271 0.330 
Input: 0.432 0.683 0.881 0.402 0.572 0.280 0.330 0.400 0.700 
Target: 0.433 0.684 0.882 0.403 0.572 0.280 0.330 
Input: 0.421 0.374 0.846 0.543 0.478 0.260 0.330 0.300 0.750 
Target: 0.452 0.362 0.889 0.554 0.478 0.260 0.330 
Input: 0.511 0.487 0.873 0.554 0.381 0.158 0.330 0.300 0.950 
Target: 0.518 0.484 0.883 0.559 0.381 0.158 0.330 


Unit: 4
Vector: [ 0.307 0.444 0.598 0.544 0.483 0.193 0.563 0.721 0.214 ] 
Unit Error: 0.383963620397
Visits: 472
Input: 0.354 0.475 0.671 0.529 0.555 0.176 0.670 0.700 0.200 
Target: 0.332 0.479 0.639 0.510 0.555 0.176 0.670 
Input: 0.277 0.597 0.598 0.613 0.483 0.224 0.670 0.900 0.050 
Target: 0.268 0.617 0.578 0.612 0.483 0.224 0.670 
Input: 0.392 0.384 0.697 0.576 0.445 0.146 0.670 0.650 0.150 
Target: 0.358 0.408 0.651 0.574 0.445 0.146 0.670 
Input: 0.440 0.108 0.510 0.579 0.580 0.104 0.670 0.900 0.050 
Target: 0.402 0.134 0.457 0.553 0.580 0.104 0.670 


Unit: 5
Vector: [ -1.000 0.000 0.000 0.000 0.000 0.000 0.000 0.205 0.286 ] 
Unit Error: 0.153501477023
Visits: 664
Input: -1.000 0.000 0.000 0.000 0.000 0.000 0.000 0.200 0.200 
Target: 0.288 0.393 0.694 0.558 0.487 0.298 0.330 
Input: -1.000 0.000 0.000 0.000 0.000 0.000 0.000 0.050 0.150 
Target: 0.496 0.385 0.879 0.415 0.593 0.209 0.670 
Input: -1.000 0.000 0.000 0.000 0.000 0.000 0.000 0.400 0.350 
Target: 0.377 0.271 0.541 0.549 0.579 0.107 0.330 
Input: -1.000 0.000 0.000 0.000 0.000 0.000 0.000 0.300 0.300 
Target: 0.389 0.457 0.677 0.433 0.529 0.132 0.330 


Unit: 6
Vector: [ 0.301 0.459 0.569 0.541 0.511 0.163 0.461 0.173 0.811 ] 
Unit Error: 0.579843562785
Visits: 1111
Input: 0.348 0.438 0.694 0.591 0.460 0.203 0.330 0.100 0.900 
Target: 0.371 0.421 0.726 0.591 0.460 0.203 0.330 
Input: 0.169 0.548 0.341 0.596 0.579 0.104 0.670 0.150 0.900 
Target: 0.200 0.536 0.356 0.619 0.587 0.078 0.670 
Input: 0.137 0.487 0.200 0.543 0.568 0.024 0.330 0.100 0.700 
Target: 0.142 0.486 0.206 0.544 0.568 0.024 0.330 
Input: 0.395 0.463 0.817 0.429 0.432 0.260 0.330 0.150 0.900 
Target: 0.437 0.488 0.876 0.458 0.432 0.260 0.330 


Unit: 7
Vector: [ 0.332 0.430 0.597 0.584 0.530 0.179 0.568 0.594 0.803 ] 
Unit Error: 0.0428014240708
Visits: 1167
Input: 0.337 0.219 0.590 0.642 0.432 0.164 0.670 0.550 1.000 
Target: 0.345 0.210 0.598 0.687 0.432 0.164 0.670 
Input: 0.344 0.525 0.784 0.635 0.553 0.299 0.330 0.500 0.900 
Target: 0.328 0.549 0.763 0.668 0.553 0.299 0.330 
Input: 0.446 0.341 0.789 0.422 0.424 0.163 0.330 0.800 0.950 
Target: 0.416 0.317 0.742 0.443 0.424 0.163 0.330 
Input: 0.430 0.307 0.721 0.411 0.497 0.144 0.330 0.550 0.850 
Target: 0.412 0.286 0.687 0.406 0.497 0.144 0.330 


Unit: 8
Vector: [ 0.317 0.443 0.581 0.539 0.509 0.171 0.469 0.675 0.553 ] 
Unit Error: 0.00595809650567
Visits: 728
Input: 0.179 0.491 0.417 0.603 0.423 0.173 0.330 0.650 0.450 
Target: 0.163 0.518 0.383 0.617 0.423 0.173 0.330 
Input: 0.251 0.653 0.513 0.593 0.534 0.178 0.330 0.500 0.500 
Target: 0.248 0.658 0.506 0.606 0.534 0.178 0.330 
Input: 0.377 0.651 0.670 0.525 0.423 0.188 0.330 0.750 0.500 
Target: 0.330 0.660 0.590 0.510 0.423 0.188 0.330 
Input: 0.454 0.661 0.748 0.541 0.409 0.158 0.330 0.600 0.500 
Target: 0.454 0.660 0.748 0.530 0.409 0.158 0.330 


Unit: 9
Vector: [ 0.254 0.465 0.478 0.574 0.562 0.165 0.568 0.747 0.485 ] 
Unit Error: 0.210233804374
Visits: 918
Input: 0.192 0.500 0.442 0.567 0.555 0.176 0.670 0.800 0.550 
Target: 0.159 0.520 0.398 0.570 0.555 0.176 0.670 
Input: 0.151 0.477 0.333 0.652 0.623 0.178 0.670 0.950 0.350 
Target: 0.146 0.537 0.293 0.649 0.676 0.140 0.670 
Input: 0.098 0.497 0.309 0.635 0.593 0.209 0.670 0.800 0.550 
Target: 0.101 0.528 0.283 0.644 0.623 0.178 0.670 
Input: 0.191 0.405 0.403 0.620 0.593 0.209 0.670 0.750 0.350 
Target: 0.149 0.447 0.360 0.628 0.593 0.209 0.670 


Unit: 10
Vector: [ 0.335 0.508 0.631 0.565 0.533 0.193 0.608 0.423 0.740 ] 
Unit Error: 0.147637673169
Visits: 632
Input: 0.277 0.598 0.598 0.573 0.483 0.224 0.670 0.450 0.900 
Target: 0.275 0.599 0.595 0.600 0.483 0.224 0.670 
Input: 0.377 0.597 0.744 0.562 0.596 0.211 0.670 0.450 0.700 
Target: 0.382 0.594 0.751 0.575 0.596 0.211 0.670 
Input: 0.255 0.498 0.583 0.628 0.531 0.224 0.670 0.450 0.850 
Target: 0.244 0.512 0.569 0.653 0.531 0.224 0.670 
Input: 0.108 0.587 0.280 0.544 0.605 0.128 0.670 0.150 0.400 
Target: 0.152 0.576 0.314 0.541 0.615 0.102 0.670 


Unit: 11
Vector: [ 0.371 0.422 0.665 0.549 0.517 0.179 0.561 0.470 0.538 ] 
Unit Error: 0.0573427985303
Visits: 801
Input: 0.347 0.610 0.702 0.532 0.596 0.211 0.670 0.400 0.500 
Target: 0.331 0.615 0.678 0.533 0.596 0.211 0.670 
Input: 0.397 0.109 0.623 0.719 0.432 0.164 0.670 0.600 0.450 
Target: 0.396 0.111 0.623 0.718 0.432 0.164 0.670 
Input: 0.566 0.171 0.891 0.669 0.478 0.151 0.670 0.650 0.500 
Target: 0.565 0.173 0.890 0.669 0.478 0.151 0.670 
Input: 0.421 0.305 0.716 0.468 0.394 0.128 0.670 0.050 0.500 
Target: 0.455 0.319 0.767 0.460 0.394 0.128 0.670 


Unit: 12
Vector: [ 0.336 0.319 0.675 0.618 0.497 0.276 0.663 0.273 0.755 ] 
Unit Error: 0.360850649512
Visits: 2198
Input: 0.346 0.270 0.647 0.570 0.384 0.171 0.670 0.300 0.950 
Target: 0.374 0.252 0.683 0.594 0.384 0.171 0.670 
Input: 0.335 0.110 0.765 0.712 0.480 0.469 0.670 0.050 1.000 
Target: 0.335 0.110 0.765 0.712 0.480 0.469 0.670 
Input: 0.315 0.140 0.756 0.702 0.480 0.469 0.670 0.050 0.650 
Target: 0.335 0.110 0.765 0.712 0.480 0.469 0.670 
Input: 0.325 0.125 0.761 0.700 0.480 0.469 0.670 0.550 0.650 
Target: 0.317 0.137 0.757 0.697 0.480 0.469 0.670 


Unit: 13
Vector: [ 0.288 0.409 0.439 0.642 0.588 0.101 0.652 0.689 0.883 ] 
Unit Error: 1.16898134244
Visits: 918
Input: 0.372 0.256 0.421 0.748 0.604 0.026 0.670 0.450 0.950 
Target: 0.366 0.268 0.420 0.790 0.604 0.026 0.670 
Input: 0.372 0.256 0.420 0.728 0.604 0.026 0.670 0.750 0.900 
Target: 0.372 0.256 0.421 0.748 0.604 0.026 0.670 
Input: 0.225 0.516 0.377 0.632 0.591 0.067 0.670 0.850 1.000 
Target: 0.226 0.542 0.364 0.677 0.597 0.048 0.670 
Input: 0.143 0.530 0.377 0.572 0.555 0.176 0.670 0.600 0.850 
Target: 0.164 0.544 0.348 0.584 0.574 0.119 0.670 


Unit: 14
Vector: [ 0.384 0.347 0.730 0.520 0.442 0.197 0.330 0.534 0.177 ] 
Unit Error: 2.030310478
Visits: 1067
Input: 0.396 0.400 0.760 0.554 0.460 0.203 0.330 0.400 0.000 
Target: 0.408 0.395 0.775 0.522 0.460 0.203 0.330 
Input: 0.401 0.395 0.766 0.603 0.460 0.203 0.330 0.500 0.050 
Target: 0.396 0.400 0.760 0.568 0.460 0.203 0.330 
Input: 0.391 0.404 0.753 0.603 0.460 0.203 0.330 0.600 0.300 
Target: 0.401 0.395 0.766 0.603 0.460 0.203 0.330 
Input: 0.512 0.228 0.905 0.511 0.401 0.202 0.330 0.450 0.100 
Target: 0.514 0.228 0.908 0.503 0.401 0.202 0.330 


Unit: 15
Vector: [ 0.193 0.455 0.327 0.553 0.538 0.072 0.334 0.677 0.362 ] 
Unit Error: 2.90843131685
Visits: 2077
Input: 0.115 0.510 0.176 0.576 0.568 0.024 0.330 0.800 0.550 
Target: 0.113 0.512 0.173 0.579 0.568 0.024 0.330 
Input: 0.119 0.508 0.181 0.572 0.568 0.024 0.330 0.550 0.600 
Target: 0.118 0.508 0.180 0.573 0.568 0.024 0.330 
Input: 0.126 0.504 0.189 0.573 0.568 0.024 0.330 0.450 0.000 
Target: 0.122 0.506 0.185 0.572 0.568 0.024 0.330 
Input: 0.159 0.482 0.232 0.560 0.568 0.024 0.330 0.800 0.450 
Target: 0.126 0.504 0.189 0.573 0.568 0.024 0.330 


Unit: 16
Vector: [ -1.000 0.000 0.000 0.000 0.000 0.000 0.000 0.681 0.832 ] 
Unit Error: 0.0759088008848
Visits: 737
Input: -1.000 0.000 0.000 0.000 0.000 0.000 0.000 0.850 0.950 
Target: 0.299 0.676 0.517 0.572 0.545 0.116 0.330 
Input: -1.000 0.000 0.000 0.000 0.000 0.000 0.000 0.900 0.800 
Target: 0.316 0.331 0.565 0.587 0.529 0.164 0.330 
Input: -1.000 0.000 0.000 0.000 0.000 0.000 0.000 0.700 1.000 
Target: 0.228 0.573 0.603 0.631 0.507 0.288 0.330 
Input: -1.000 0.000 0.000 0.000 0.000 0.000 0.000 0.900 1.000 
Target: 0.370 0.311 0.710 0.616 0.450 0.206 0.330 


Unit: 17
Vector: [ 0.362 0.468 0.660 0.533 0.503 0.183 0.451 0.434 0.412 ] 
Unit Error: 0.110672449471
Visits: 626
Input: 0.336 0.629 0.700 0.562 0.561 0.230 0.330 0.600 0.350 
Target: 0.355 0.617 0.729 0.559 0.561 0.230 0.330 
Input: 0.280 0.533 0.679 0.549 0.424 0.299 0.330 0.600 0.050 
Target: 0.248 0.550 0.626 0.530 0.424 0.299 0.330 
Input: 0.315 0.649 0.536 0.519 0.453 0.136 0.330 0.400 0.000 
Target: 0.303 0.651 0.516 0.510 0.453 0.136 0.330 
Input: 0.268 0.498 0.456 0.498 0.368 0.100 0.330 0.300 0.300 
Target: 0.270 0.497 0.460 0.493 0.368 0.100 0.330 


Unit: 18
Vector: [ 0.272 0.440 0.532 0.478 0.486 0.165 0.388 0.837 0.918 ] 
Unit Error: 3.06320518599
Visits: 1750
Input: 0.341 0.473 0.740 0.376 0.457 0.259 0.330 0.950 0.850 
Target: 0.315 0.442 0.703 0.400 0.457 0.259 0.330 
Input: 0.412 0.246 0.784 0.388 0.406 0.224 0.330 0.950 1.000 
Target: 0.344 0.187 0.708 0.421 0.406 0.273 0.330 
Input: 0.154 0.484 0.224 0.544 0.568 0.024 0.330 0.500 1.000 
Target: 0.159 0.482 0.232 0.544 0.568 0.024 0.330 
Input: 0.164 0.477 0.237 0.550 0.568 0.024 0.330 0.900 0.850 
Target: 0.141 0.491 0.208 0.579 0.568 0.024 0.330 


Unit: 19
Vector: [ 0.397 0.389 0.717 0.576 0.539 0.196 0.509 0.432 0.727 ] 
Unit Error: 1.25007566824
Visits: 1274
Input: 0.394 0.376 0.832 0.516 0.519 0.294 0.670 0.400 0.800 
Target: 0.425 0.370 0.875 0.543 0.519 0.294 0.670 
Input: 0.473 0.243 0.800 0.463 0.479 0.175 0.670 0.300 0.950 
Target: 0.509 0.255 0.859 0.494 0.479 0.175 0.670 
Input: 0.488 0.460 0.888 0.657 0.596 0.211 0.670 0.500 1.000 
Target: 0.491 0.456 0.891 0.692 0.596 0.211 0.670 
Input: 0.488 0.277 0.821 0.704 0.595 0.208 0.330 0.650 0.950 
Target: 0.482 0.294 0.819 0.747 0.595 0.208 0.330 


Unit: 20
Vector: [ 0.318 0.460 0.577 0.528 0.537 0.173 0.554 0.829 0.608 ] 
Unit Error: 0.299292115361
Visits: 1230
Input: 0.425 0.591 0.812 0.520 0.596 0.211 0.670 1.000 0.550 
Target: 0.375 0.603 0.741 0.530 0.596 0.211 0.670 
Input: 0.434 0.109 0.496 0.582 0.580 0.104 0.670 0.700 0.350 
Target: 0.432 0.110 0.493 0.581 0.580 0.104 0.670 
Input: 0.295 0.243 0.349 0.515 0.580 0.104 0.670 0.900 0.500 
Target: 0.272 0.247 0.297 0.514 0.580 0.104 0.670 
Input: 0.329 0.235 0.416 0.515 0.580 0.104 0.670 0.750 0.450 
Target: 0.304 0.240 0.368 0.517 0.580 0.104 0.670 


Unit: 21
Vector: [ 0.352 0.430 0.627 0.538 0.499 0.160 0.477 0.262 0.323 ] 
Unit Error: 0.625879865392
Visits: 1153
Input: 0.212 0.452 0.414 0.517 0.547 0.131 0.330 0.150 0.200 
Target: 0.236 0.452 0.451 0.492 0.547 0.131 0.330 
Input: 0.177 0.469 0.369 0.562 0.547 0.131 0.330 0.000 0.200 
Target: 0.183 0.467 0.377 0.549 0.547 0.131 0.330 
Input: 0.519 0.471 0.846 0.548 0.425 0.114 0.670 0.250 0.300 
Target: 0.531 0.462 0.864 0.548 0.425 0.114 0.670 
Input: 0.468 0.652 0.860 0.519 0.416 0.242 0.670 0.050 0.300 
Target: 0.487 0.648 0.891 0.529 0.416 0.242 0.670 


Unit: 22
Vector: [ -1.000 0.000 0.000 0.000 0.000 0.000 0.000 0.633 0.254 ] 
Unit Error: 0.0625278362803
Visits: 467
Input: -1.000 0.000 0.000 0.000 0.000 0.000 0.000 0.550 0.000 
Target: 0.368 0.286 0.665 0.650 0.456 0.173 0.670 
Input: -1.000 0.000 0.000 0.000 0.000 0.000 0.000 0.750 0.250 
Target: 0.306 0.746 0.589 0.548 0.548 0.205 0.670 
Input: -1.000 0.000 0.000 0.000 0.000 0.000 0.000 0.850 0.200 
Target: 0.460 0.417 0.823 0.487 0.423 0.173 0.330 
Input: -1.000 0.000 0.000 0.000 0.000 0.000 0.000 1.000 0.500 
Target: 0.346 0.669 0.579 0.616 0.530 0.110 0.670 


Unit: 23
Vector: [ 0.436 0.531 0.810 0.564 0.505 0.199 0.667 0.246 0.811 ] 
Unit Error: 1.5981020779
Visits: 821
Input: 0.489 0.454 0.873 0.640 0.495 0.182 0.670 0.100 0.950 
Target: 0.495 0.444 0.880 0.646 0.495 0.182 0.670 
Input: 0.471 0.479 0.847 0.616 0.495 0.182 0.670 0.350 0.700 
Target: 0.483 0.463 0.865 0.633 0.495 0.182 0.670 
Input: 0.449 0.499 0.817 0.583 0.495 0.182 0.670 0.350 0.850 
Target: 0.464 0.487 0.838 0.605 0.495 0.182 0.670 
Input: 0.404 0.520 0.753 0.535 0.495 0.182 0.670 0.300 0.900 
Target: 0.439 0.506 0.803 0.570 0.495 0.182 0.670 


Unit: 24
Vector: [ -1.000 0.000 0.000 0.000 0.000 0.000 0.000 0.242 0.751 ] 
Unit Error: 0.534401304448
Visits: 540
Input: -1.000 0.000 0.000 0.000 0.000 0.000 0.000 0.100 0.850 
Target: 0.461 0.233 0.833 0.504 0.401 0.202 0.330 
Input: -1.000 0.000 0.000 0.000 0.000 0.000 0.000 0.200 0.550 
Target: 0.328 0.456 0.723 0.374 0.457 0.259 0.330 
Input: -1.000 0.000 0.000 0.000 0.000 0.000 0.000 0.400 1.000 
Target: 0.365 0.525 0.697 0.484 0.495 0.182 0.670 
Input: -1.000 0.000 0.000 0.000 0.000 0.000 0.000 0.400 0.850 
Target: 0.334 0.690 0.720 0.453 0.559 0.266 0.670 


