0 0.042004 0.020660
1 0.188066 0.379649
2 0.111891 0.494409
3 0.104412 -0.041126
4 0.333746 0.106888
5 0.195242 0.088590
6 0.177533 0.047500
7 0.275860 0.002799
8 0.093106 0.001596
9 0.419188 0.175868
10 0.189242 0.024567
11 0.205843 -0.019094
12 0.167519 0.046512
13 -0.014164 0.122203
14 0.181663 -0.154422
15 0.047783 0.179645
16 0.240576 0.033133
17 0.256765 0.046459
18 0.138266 0.082528
19 0.195567 0.019865
20 0.288677 0.133868
21 0.168138 -0.008792
22 0.351887 -0.043238
23 0.237076 0.232977
24 0.172681 -0.224182
25 0.247881 0.259045
