0 0.084985 0.079550
1 0.043289 0.036160
2 0.060301 0.042409
3 0.049743 0.031947
4 0.038072 0.036593
5 0.038766 0.037766
6 0.044933 0.037135
7 0.059669 0.039118
8 0.057622 0.041218
9 0.049834 0.044093
10 0.045358 0.038559
11 0.047020 0.034071
12 0.050397 0.037348
13 0.069602 0.043435
14 0.048647 0.035084
15 0.051191 0.043426
16 0.043125 0.034185
17 0.044118 0.038827
18 0.083701 0.079673
19 0.058531 0.041302
20 0.045372 0.038243
21 0.050053 0.046219
22 0.046815 0.040780
23 0.042272 0.036540
24 0.082139 0.066171
25 0.049719 0.041013
