Number of units: 25
Average error: 0.44863937839


Unit: 0
Vector: [ 0.211 0.458 0.406 0.506 0.518 0.152 0.566 0.000 0.988 ] 
Unit Error: 0.232765209267
Visits: 401
Input: 0.186 0.473 0.316 0.490 0.533 0.059 0.670 0.000 1.000 
Target: 0.173 0.471 0.268 0.509 0.530 0.030 0.670 
Input: 0.283 0.397 0.580 0.490 0.567 0.218 0.670 0.000 1.000 
Target: 0.281 0.401 0.580 0.490 0.567 0.218 0.670 
Input: 0.111 0.416 0.228 0.489 0.523 0.113 0.330 0.000 1.000 
Target: 0.132 0.419 0.267 0.505 0.523 0.113 0.330 
Input: 0.136 0.407 0.267 0.505 0.523 0.113 0.330 0.000 1.000 
Target: 0.160 0.406 0.306 0.520 0.523 0.113 0.330 


Unit: 3
Vector: [ 0.259 0.526 0.508 0.497 0.501 0.172 0.655 0.004 0.500 ] 
Unit Error: 0.1494070019
Visits: 392
Input: 0.193 0.616 0.457 0.495 0.535 0.197 0.670 0.000 0.500 
Target: 0.219 0.616 0.465 0.495 0.528 0.168 0.670 
Input: 0.302 0.643 0.525 0.533 0.375 0.192 0.670 0.000 0.500 
Target: 0.304 0.647 0.525 0.517 0.375 0.192 0.670 
Input: 0.156 0.511 0.436 0.407 0.559 0.221 0.670 0.000 0.500 
Target: 0.151 0.507 0.438 0.423 0.559 0.231 0.670 
Input: 0.123 0.535 0.201 0.541 0.565 0.030 0.670 0.000 0.500 
Target: 0.151 0.525 0.240 0.541 0.565 0.030 0.670 


Unit: 4
Vector: [ 0.366 0.562 0.678 0.454 0.483 0.197 0.473 0.759 0.000 ] 
Unit Error: 0.418416091988
Visits: 322
Input: 0.566 0.688 0.891 0.504 0.539 0.104 0.670 1.000 0.000 
Target: 0.544 0.689 0.859 0.488 0.539 0.104 0.670 
Input: 0.346 0.430 0.775 0.589 0.406 0.286 0.330 0.500 0.000 
Target: 0.323 0.451 0.742 0.558 0.406 0.286 0.330 
Input: 0.340 0.572 0.733 0.434 0.436 0.272 0.330 0.500 0.000 
Target: 0.368 0.588 0.770 0.402 0.436 0.272 0.330 
Input: 0.493 0.797 0.826 0.296 0.553 0.173 0.670 1.000 0.000 
Target: 0.464 0.720 0.807 0.264 0.553 0.173 0.670 


Unit: 5
Vector: [ 0.292 0.525 0.576 0.507 0.466 0.216 0.337 0.505 0.505 ] 
Unit Error: 0.213604444025
Visits: 303
Input: 0.350 0.600 0.730 0.492 0.546 0.238 0.330 0.500 0.500 
Target: 0.378 0.602 0.770 0.476 0.546 0.238 0.330 
Input: 0.145 0.463 0.470 0.636 0.533 0.277 0.330 0.500 0.500 
Target: 0.145 0.463 0.470 0.636 0.533 0.277 0.330 
Input: 0.279 0.628 0.537 0.476 0.374 0.235 0.330 0.500 0.500 
Target: 0.279 0.628 0.537 0.476 0.374 0.235 0.330 
Input: 0.279 0.628 0.537 0.476 0.374 0.235 0.330 0.500 0.500 
Target: 0.279 0.628 0.537 0.476 0.374 0.235 0.330 


Unit: 6
Vector: [ 0.228 0.401 0.410 0.513 0.523 0.149 0.598 0.576 0.003 ] 
Unit Error: 0.312536600971
Visits: 315
Input: 0.115 0.481 0.180 0.544 0.529 0.025 0.670 0.500 0.000 
Target: 0.115 0.481 0.180 0.541 0.529 0.025 0.670 
Input: 0.314 0.336 0.625 0.517 0.486 0.208 0.330 0.500 0.000 
Target: 0.314 0.336 0.625 0.485 0.486 0.208 0.330 
Input: 0.099 0.438 0.239 0.616 0.577 0.227 0.670 0.500 0.000 
Target: 0.099 0.438 0.239 0.600 0.577 0.227 0.670 
Input: 0.172 0.495 0.433 0.510 0.561 0.199 0.670 0.500 0.000 
Target: 0.172 0.495 0.433 0.478 0.561 0.199 0.670 


Unit: 7
Vector: [ 0.440 0.597 0.771 0.475 0.489 0.179 0.579 0.494 0.512 ] 
Unit Error: 0.108047467543
Visits: 374
Input: 0.572 0.700 0.898 0.472 0.539 0.104 0.670 0.500 0.500 
Target: 0.572 0.700 0.898 0.472 0.539 0.104 0.670 
Input: 0.452 0.839 0.881 0.343 0.591 0.291 0.670 0.500 0.500 
Target: 0.452 0.839 0.881 0.343 0.591 0.291 0.670 
Input: 0.335 0.402 0.650 0.542 0.413 0.176 0.670 0.500 0.500 
Target: 0.335 0.402 0.650 0.542 0.413 0.176 0.670 
Input: 0.448 0.687 0.757 0.585 0.394 0.195 0.330 0.500 0.500 
Target: 0.448 0.687 0.757 0.585 0.394 0.195 0.330 


Unit: 8
Vector: [ 0.207 0.545 0.362 0.565 0.544 0.087 0.614 1.000 1.000 ] 
Unit Error: 1.94307545177
Visits: 436
Input: 0.192 0.558 0.294 0.652 0.624 0.031 0.670 1.000 1.000 
Target: 0.157 0.626 0.251 0.684 0.625 0.029 0.670 
Input: 0.240 0.501 0.349 0.620 0.623 0.033 0.670 1.000 1.000 
Target: 0.214 0.528 0.320 0.636 0.623 0.033 0.670 
Input: 0.290 0.438 0.451 0.572 0.601 0.075 0.670 1.000 1.000 
Target: 0.257 0.476 0.381 0.604 0.617 0.046 0.670 
Input: 0.318 0.414 0.527 0.541 0.583 0.110 0.670 1.000 1.000 
Target: 0.305 0.424 0.489 0.557 0.593 0.092 0.670 


Unit: 9
Vector: [ 0.475 0.352 0.845 0.500 0.502 0.217 0.465 0.000 0.002 ] 
Unit Error: 0.961278324423
Visits: 275
Input: 0.553 0.244 0.890 0.539 0.561 0.175 0.330 0.000 0.000 
Target: 0.553 0.244 0.890 0.539 0.561 0.175 0.330 
Input: 0.525 0.258 0.852 0.555 0.561 0.175 0.330 0.000 0.000 
Target: 0.553 0.244 0.890 0.539 0.561 0.175 0.330 
Input: 0.442 0.375 0.818 0.595 0.530 0.212 0.670 0.000 0.000 
Target: 0.497 0.333 0.886 0.564 0.530 0.212 0.670 
Input: 0.467 0.363 0.869 0.437 0.457 0.216 0.670 0.000 0.000 
Target: 0.467 0.363 0.869 0.437 0.457 0.216 0.670 


Unit: 10
Vector: [ -1.000 0.000 0.000 0.000 0.000 0.000 0.000 0.997 0.043 ] 
Unit Error: 0.501897932798
Visits: 142
Input: -1.000 0.000 0.000 0.000 0.000 0.000 0.000 1.000 0.000 
Target: 0.219 0.613 0.522 0.361 0.412 0.285 0.330 
Input: -1.000 0.000 0.000 0.000 0.000 0.000 0.000 1.000 0.000 
Target: 0.297 0.597 0.641 0.516 0.375 0.284 0.330 
Input: -1.000 0.000 0.000 0.000 0.000 0.000 0.000 1.000 0.000 
Target: 0.334 0.318 0.683 0.604 0.552 0.273 0.330 
Input: -1.000 0.000 0.000 0.000 0.000 0.000 0.000 1.000 0.000 
Target: 0.142 0.616 0.457 0.495 0.550 0.267 0.670 


Unit: 11
Vector: [ 0.174 0.431 0.438 0.401 0.404 0.214 0.330 1.000 0.000 ] 
Unit Error: 2.19676729906
Visits: 327
Input: 0.149 0.337 0.399 0.430 0.370 0.191 0.330 1.000 0.000 
Target: 0.127 0.320 0.363 0.414 0.370 0.191 0.330 
Input: 0.230 0.365 0.515 0.478 0.370 0.191 0.330 1.000 0.000 
Target: 0.175 0.350 0.437 0.446 0.370 0.191 0.330 
Input: 0.140 0.514 0.455 0.313 0.412 0.285 0.330 1.000 0.000 
Target: 0.103 0.439 0.428 0.281 0.412 0.285 0.330 
Input: 0.192 0.582 0.496 0.345 0.412 0.285 0.330 1.000 0.000 
Target: 0.165 0.549 0.474 0.329 0.412 0.285 0.330 


Unit: 12
Vector: [ 0.485 0.677 0.814 0.476 0.518 0.149 0.668 0.002 0.500 ] 
Unit Error: 0.159412762463
Visits: 429
Input: 0.572 0.700 0.898 0.472 0.539 0.104 0.670 0.000 0.500 
Target: 0.572 0.700 0.898 0.472 0.539 0.104 0.670 
Input: 0.516 0.686 0.819 0.472 0.539 0.104 0.670 0.000 0.500 
Target: 0.572 0.700 0.898 0.472 0.539 0.104 0.670 
Input: 0.560 0.689 0.883 0.504 0.539 0.104 0.670 0.000 0.500 
Target: 0.566 0.688 0.891 0.504 0.539 0.104 0.670 
Input: 0.505 0.691 0.803 0.504 0.539 0.104 0.670 0.000 0.500 
Target: 0.560 0.689 0.883 0.504 0.539 0.104 0.670 


Unit: 13
Vector: [ 0.314 0.434 0.636 0.535 0.485 0.211 0.512 1.000 1.000 ] 
Unit Error: 0.904186032058
Visits: 286
Input: 0.262 0.418 0.605 0.407 0.447 0.236 0.330 1.000 1.000 
Target: 0.218 0.378 0.536 0.439 0.447 0.236 0.330 
Input: 0.262 0.413 0.602 0.512 0.513 0.244 0.670 1.000 1.000 
Target: 0.207 0.423 0.522 0.544 0.513 0.244 0.670 
Input: 0.497 0.333 0.886 0.564 0.530 0.212 0.670 1.000 1.000 
Target: 0.491 0.336 0.879 0.567 0.530 0.212 0.670 
Input: 0.499 0.253 0.858 0.586 0.455 0.183 0.330 1.000 1.000 
Target: 0.504 0.248 0.865 0.583 0.455 0.183 0.330 


Unit: 14
Vector: [ 0.194 0.509 0.346 0.561 0.520 0.124 0.579 0.496 0.504 ] 
Unit Error: 0.184767124887
Visits: 122
Input: 0.138 0.353 0.283 0.545 0.545 0.249 0.670 0.500 0.500 
Target: 0.138 0.353 0.283 0.545 0.545 0.249 0.670 
Input: 0.123 0.535 0.201 0.541 0.565 0.030 0.670 0.500 0.500 
Target: 0.123 0.535 0.201 0.541 0.565 0.030 0.670 
Input: 0.129 0.533 0.209 0.544 0.565 0.030 0.670 0.500 0.500 
Target: 0.123 0.535 0.201 0.541 0.565 0.030 0.670 
Input: 0.227 0.406 0.421 0.579 0.499 0.113 0.670 0.500 0.500 
Target: 0.227 0.406 0.421 0.579 0.499 0.113 0.670 


Unit: 15
Vector: [ 0.403 0.296 0.789 0.464 0.391 0.233 0.339 0.000 0.500 ] 
Unit Error: 0.0567424730058
Visits: 408
Input: 0.425 0.372 0.886 0.411 0.382 0.285 0.330 0.000 0.500 
Target: 0.425 0.372 0.886 0.411 0.382 0.285 0.330 
Input: 0.392 0.342 0.838 0.411 0.382 0.285 0.330 0.000 0.500 
Target: 0.415 0.363 0.872 0.411 0.382 0.285 0.330 
Input: 0.327 0.279 0.736 0.411 0.382 0.285 0.330 0.000 0.500 
Target: 0.369 0.321 0.804 0.411 0.382 0.285 0.330 
Input: 0.290 0.236 0.669 0.411 0.382 0.285 0.330 0.000 0.500 
Target: 0.327 0.279 0.736 0.411 0.382 0.285 0.330 


Unit: 16
Vector: [ 0.428 0.634 0.840 0.435 0.464 0.266 0.335 0.000 0.000 ] 
Unit Error: 0.488233164335
Visits: 272
Input: 0.449 0.667 0.872 0.417 0.496 0.260 0.330 0.000 0.000 
Target: 0.455 0.671 0.879 0.413 0.496 0.260 0.330 
Input: 0.438 0.659 0.858 0.423 0.496 0.260 0.330 0.000 0.000 
Target: 0.444 0.663 0.865 0.420 0.496 0.260 0.330 
Input: 0.382 0.633 0.783 0.455 0.496 0.260 0.330 0.000 0.000 
Target: 0.438 0.659 0.858 0.423 0.496 0.260 0.330 
Input: 0.439 0.627 0.886 0.433 0.375 0.319 0.330 0.000 0.000 
Target: 0.439 0.627 0.886 0.433 0.375 0.319 0.330 


Unit: 17
Vector: [ 0.330 0.450 0.664 0.534 0.461 0.227 0.389 0.000 0.442 ] 
Unit Error: 0.142172488032
Visits: 234
Input: 0.271 0.601 0.602 0.500 0.375 0.292 0.330 0.000 0.500 
Target: 0.311 0.601 0.682 0.500 0.375 0.304 0.330 
Input: 0.395 0.351 0.732 0.618 0.455 0.183 0.330 0.000 0.500 
Target: 0.446 0.300 0.794 0.602 0.455 0.183 0.330 
Input: 0.287 0.336 0.585 0.533 0.486 0.208 0.330 0.000 0.500 
Target: 0.287 0.340 0.585 0.517 0.486 0.208 0.330 
Input: 0.166 0.493 0.443 0.620 0.585 0.227 0.330 0.000 0.500 
Target: 0.236 0.460 0.478 0.620 0.625 0.189 0.330 


Unit: 18
Vector: [ 0.315 0.523 0.591 0.487 0.514 0.171 0.358 0.000 0.001 ] 
Unit Error: 0.0858650349868
Visits: 122
Input: 0.167 0.553 0.261 0.508 0.722 0.096 0.330 0.000 0.000 
Target: 0.224 0.553 0.341 0.477 0.736 0.082 0.330 
Input: 0.259 0.629 0.539 0.393 0.528 0.187 0.330 0.000 0.000 
Target: 0.311 0.682 0.599 0.361 0.528 0.187 0.330 
Input: 0.205 0.589 0.470 0.425 0.528 0.187 0.330 0.000 0.000 
Target: 0.232 0.607 0.506 0.409 0.528 0.187 0.330 
Input: 0.147 0.460 0.333 0.622 0.468 0.125 0.330 0.000 0.000 
Target: 0.169 0.432 0.361 0.606 0.468 0.125 0.330 


Unit: 19
Vector: [ 0.385 0.498 0.749 0.477 0.410 0.232 0.667 0.000 0.500 ] 
Unit Error: 0.229493015823
Visits: 225
Input: 0.386 0.327 0.747 0.456 0.457 0.216 0.670 0.000 0.500 
Target: 0.411 0.338 0.785 0.456 0.457 0.216 0.670 
Input: 0.412 0.610 0.752 0.488 0.369 0.222 0.670 0.000 0.500 
Target: 0.439 0.613 0.792 0.488 0.369 0.222 0.670 
Input: 0.334 0.601 0.633 0.488 0.369 0.222 0.670 0.000 0.500 
Target: 0.386 0.607 0.712 0.488 0.369 0.222 0.670 
Input: 0.384 0.418 0.763 0.435 0.378 0.222 0.670 0.000 0.500 
Target: 0.438 0.450 0.836 0.435 0.378 0.222 0.670 


Unit: 20
Vector: [ 0.419 0.583 0.780 0.440 0.483 0.226 0.423 0.000 0.500 ] 
Unit Error: 0.0247380753677
Visits: 341
Input: 0.396 0.711 0.741 0.463 0.437 0.252 0.330 0.000 0.500 
Target: 0.451 0.730 0.818 0.463 0.437 0.252 0.330 
Input: 0.346 0.583 0.724 0.336 0.594 0.234 0.330 0.000 0.500 
Target: 0.377 0.652 0.765 0.336 0.594 0.234 0.330 
Input: 0.409 0.555 0.876 0.467 0.509 0.299 0.330 0.000 0.500 
Target: 0.414 0.557 0.883 0.467 0.509 0.299 0.330 
Input: 0.419 0.630 0.863 0.427 0.547 0.276 0.330 0.000 0.500 
Target: 0.424 0.634 0.870 0.427 0.547 0.276 0.330 


Unit: 21
Vector: [ 0.285 0.467 0.520 0.457 0.455 0.162 0.612 0.999 0.000 ] 
Unit Error: 0.925219128977
Visits: 284
Input: 0.325 0.642 0.565 0.517 0.375 0.192 0.670 1.000 0.000 
Target: 0.304 0.647 0.525 0.501 0.375 0.192 0.670 
Input: 0.318 0.440 0.550 0.410 0.523 0.108 0.670 1.000 0.000 
Target: 0.282 0.394 0.485 0.378 0.523 0.108 0.670 
Input: 0.366 0.473 0.623 0.441 0.523 0.108 0.670 1.000 0.000 
Target: 0.341 0.458 0.586 0.426 0.523 0.108 0.670 
Input: 0.342 0.446 0.585 0.521 0.523 0.108 0.670 1.000 0.000 
Target: 0.313 0.451 0.545 0.505 0.523 0.108 0.670 


Unit: 22
Vector: [ 0.382 0.572 0.730 0.472 0.490 0.220 0.345 0.000 1.000 ] 
Unit Error: 0.0543515493319
Visits: 383
Input: 0.478 0.739 0.857 0.463 0.437 0.252 0.330 0.000 1.000 
Target: 0.506 0.748 0.896 0.479 0.437 0.252 0.330 
Input: 0.305 0.635 0.639 0.484 0.593 0.209 0.330 0.000 1.000 
Target: 0.322 0.639 0.679 0.500 0.593 0.226 0.330 
Input: 0.395 0.686 0.786 0.336 0.594 0.234 0.330 0.000 1.000 
Target: 0.414 0.720 0.806 0.352 0.594 0.234 0.330 
Input: 0.498 0.352 0.892 0.468 0.469 0.197 0.330 0.000 1.000 
Target: 0.498 0.352 0.892 0.468 0.469 0.197 0.330 


Unit: 24
Vector: [ 0.284 0.467 0.562 0.509 0.512 0.198 0.603 0.006 0.000 ] 
Unit Error: 0.157056192128
Visits: 378
Input: 0.200 0.449 0.447 0.576 0.546 0.181 0.670 0.000 0.000 
Target: 0.273 0.427 0.490 0.557 0.572 0.131 0.670 
Input: 0.285 0.453 0.505 0.489 0.523 0.108 0.670 0.000 0.000 
Target: 0.340 0.462 0.584 0.457 0.523 0.108 0.670 
Input: 0.242 0.512 0.522 0.545 0.556 0.183 0.670 0.000 0.000 
Target: 0.298 0.494 0.599 0.513 0.556 0.183 0.670 
Input: 0.256 0.257 0.335 0.590 0.579 0.170 0.670 0.000 0.000 
Target: 0.257 0.254 0.333 0.590 0.579 0.170 0.670 


Unit: 25
Vector: [ -1.000 0.000 0.000 0.000 0.000 0.000 0.000 0.317 0.292 ] 
Unit Error: 0.350756080304
Visits: 98
Input: -1.000 0.000 0.000 0.000 0.000 0.000 0.000 0.500 0.500 
Target: 0.384 0.283 0.644 0.466 0.411 0.115 0.330 
Input: -1.000 0.000 0.000 0.000 0.000 0.000 0.000 0.000 0.500 
Target: 0.366 0.386 0.612 0.514 0.518 0.112 0.330 
Input: -1.000 0.000 0.000 0.000 0.000 0.000 0.000 0.500 0.500 
Target: 0.223 0.527 0.593 0.518 0.473 0.283 0.330 
Input: -1.000 0.000 0.000 0.000 0.000 0.000 0.000 0.000 0.000 
Target: 0.438 0.224 0.643 0.463 0.579 0.135 0.670 


Unit: 26
Vector: [ -1.000 0.000 0.000 0.000 0.000 0.000 0.000 0.279 0.900 ] 
Unit Error: 0.0273092401369
Visits: 89
Input: -1.000 0.000 0.000 0.000 0.000 0.000 0.000 0.000 1.000 
Target: 0.355 0.291 0.639 0.688 0.448 0.163 0.330 
Input: -1.000 0.000 0.000 0.000 0.000 0.000 0.000 0.000 1.000 
Target: 0.400 0.380 0.698 0.627 0.506 0.147 0.330 
Input: -1.000 0.000 0.000 0.000 0.000 0.000 0.000 0.000 1.000 
Target: 0.436 0.321 0.786 0.605 0.413 0.176 0.670 
Input: -1.000 0.000 0.000 0.000 0.000 0.000 0.000 0.000 1.000 
Target: 0.390 0.395 0.762 0.546 0.596 0.247 0.670 


Unit: 25
Vector: [ -1.000 0.000 0.000 0.000 0.000 0.000 0.000 1.000 0.973 ] 
Unit Error: 0.387886274175
Visits: 42
Input: -1.000 0.000 0.000 0.000 0.000 0.000 0.000 1.000 1.000 
Target: 0.257 0.374 0.554 0.462 0.370 0.191 0.330 
Input: -1.000 0.000 0.000 0.000 0.000 0.000 0.000 1.000 1.000 
Target: 0.243 0.637 0.481 0.665 0.558 0.146 0.670 
Input: -1.000 0.000 0.000 0.000 0.000 0.000 0.000 1.000 1.000 
Target: 0.370 0.597 0.638 0.498 0.443 0.138 0.330 
Input: -1.000 0.000 0.000 0.000 0.000 0.000 0.000 1.000 1.000 
Target: 0.331 0.626 0.553 0.544 0.367 0.162 0.330 


