Number of units: 28
Average error: 0.587800261351


Unit: 1
Vector: [ -1.000 0.000 0.000 0.000 0.000 0.000 0.000 0.538 0.269 ] 
Unit Error: 0.095516148636
Visits: 893
Input: -1.000 0.000 0.000 0.000 0.000 0.000 0.000 0.800 0.450 
Target: 0.315 0.727 0.688 0.575 0.511 0.298 0.670 
Input: -1.000 0.000 0.000 0.000 0.000 0.000 0.000 0.600 0.150 
Target: 0.316 0.497 0.722 0.528 0.497 0.275 0.670 
Input: -1.000 0.000 0.000 0.000 0.000 0.000 0.000 0.700 0.400 
Target: 0.134 0.334 0.130 0.336 0.175 0.028 0.670 
Input: -1.000 0.000 0.000 0.000 0.000 0.000 0.000 0.700 0.200 
Target: 0.329 0.497 0.705 0.381 0.574 0.245 0.330 


Unit: 3
Vector: [ 0.461 0.784 0.808 0.306 0.448 0.257 0.600 0.346 0.168 ] 
Unit Error: 3.40913002805
Visits: 1188
Input: 0.527 0.889 0.846 0.268 0.418 0.269 0.670 0.250 0.050 
Target: 0.533 0.901 0.847 0.266 0.418 0.269 0.670 
Input: 0.503 0.844 0.839 0.276 0.418 0.269 0.670 0.400 0.500 
Target: 0.523 0.881 0.845 0.268 0.418 0.269 0.670 
Input: 0.456 0.759 0.816 0.308 0.418 0.269 0.670 0.050 0.250 
Target: 0.503 0.844 0.839 0.276 0.418 0.269 0.670 
Input: 0.447 0.744 0.810 0.359 0.418 0.269 0.670 0.300 0.000 
Target: 0.446 0.745 0.809 0.324 0.418 0.269 0.670 


Unit: 4
Vector: [ 0.347 0.575 0.650 0.429 0.480 0.193 0.641 0.205 0.828 ] 
Unit Error: 0.655625956761
Visits: 604
Input: 0.291 0.594 0.568 0.324 0.413 0.198 0.670 0.350 0.700 
Target: 0.267 0.555 0.548 0.318 0.413 0.198 0.670 
Input: 0.349 0.678 0.614 0.324 0.413 0.198 0.670 0.400 0.900 
Target: 0.316 0.628 0.590 0.312 0.413 0.198 0.670 
Input: 0.317 0.619 0.597 0.318 0.413 0.198 0.670 0.050 0.850 
Target: 0.354 0.677 0.623 0.326 0.413 0.198 0.670 
Input: 0.426 0.523 0.844 0.424 0.555 0.242 0.670 0.150 0.900 
Target: 0.428 0.526 0.847 0.429 0.555 0.242 0.670 


Unit: 5
Vector: [ 0.443 0.579 0.784 0.495 0.494 0.187 0.591 0.622 0.706 ] 
Unit Error: 0.183322815878
Visits: 758
Input: 0.454 0.522 0.883 0.523 0.555 0.242 0.670 0.750 0.700 
Target: 0.445 0.524 0.871 0.529 0.555 0.242 0.670 
Input: 0.535 0.615 0.846 0.507 0.413 0.117 0.670 0.750 0.950 
Target: 0.516 0.614 0.818 0.508 0.413 0.117 0.670 
Input: 0.538 0.670 0.839 0.535 0.466 0.106 0.670 0.650 0.750 
Target: 0.541 0.671 0.843 0.557 0.466 0.106 0.670 
Input: 0.443 0.492 0.762 0.372 0.550 0.138 0.670 0.550 0.850 
Target: 0.438 0.483 0.754 0.383 0.550 0.138 0.670 


Unit: 6
Vector: [ 0.482 0.349 0.802 0.528 0.481 0.137 0.643 0.132 0.850 ] 
Unit Error: 1.83353626952
Visits: 1722
Input: 0.537 0.378 0.868 0.553 0.547 0.128 0.670 0.150 1.000 
Target: 0.551 0.372 0.887 0.564 0.547 0.128 0.670 
Input: 0.481 0.391 0.790 0.515 0.547 0.128 0.670 0.250 0.850 
Target: 0.537 0.378 0.868 0.553 0.547 0.128 0.670 
Input: 0.400 0.387 0.670 0.512 0.547 0.128 0.670 0.000 1.000 
Target: 0.453 0.391 0.750 0.499 0.547 0.128 0.670 
Input: 0.526 0.344 0.880 0.559 0.397 0.138 0.670 0.150 0.900 
Target: 0.531 0.342 0.887 0.559 0.397 0.138 0.670 


Unit: 7
Vector: [ 0.435 0.473 0.793 0.518 0.475 0.198 0.443 0.216 0.568 ] 
Unit Error: 0.0476881431623
Visits: 1570
Input: 0.462 0.503 0.875 0.589 0.376 0.235 0.330 0.350 0.600 
Target: 0.463 0.502 0.877 0.590 0.376 0.235 0.330 
Input: 0.387 0.700 0.814 0.611 0.547 0.289 0.330 0.100 0.650 
Target: 0.420 0.638 0.876 0.641 0.547 0.289 0.330 
Input: 0.366 0.385 0.804 0.550 0.450 0.290 0.330 0.100 0.550 
Target: 0.421 0.357 0.879 0.575 0.450 0.290 0.330 
Input: 0.249 0.379 0.525 0.744 0.538 0.212 0.330 0.150 0.350 
Target: 0.268 0.323 0.524 0.747 0.538 0.212 0.330 


Unit: 8
Vector: [ 0.398 0.477 0.705 0.513 0.504 0.179 0.455 0.631 0.463 ] 
Unit Error: 0.0394649214899
Visits: 779
Input: 0.497 0.120 0.807 0.647 0.586 0.282 0.330 0.550 0.500 
Target: 0.499 0.117 0.810 0.649 0.586 0.282 0.330 
Input: 0.516 0.327 0.854 0.512 0.524 0.151 0.330 0.500 0.550 
Target: 0.522 0.326 0.862 0.526 0.524 0.151 0.330 
Input: 0.485 0.351 0.750 0.510 0.585 0.105 0.330 0.850 0.800 
Target: 0.476 0.356 0.738 0.552 0.585 0.105 0.330 
Input: 0.508 0.329 0.845 0.603 0.445 0.136 0.330 1.000 0.550 
Target: 0.507 0.334 0.845 0.619 0.445 0.136 0.330 


Unit: 9
Vector: [ 0.439 0.476 0.807 0.466 0.479 0.206 0.488 0.260 0.211 ] 
Unit Error: 0.315921043737
Visits: 645
Input: 0.477 0.435 0.872 0.462 0.416 0.198 0.330 0.300 0.150 
Target: 0.484 0.437 0.883 0.460 0.416 0.198 0.330 
Input: 0.420 0.535 0.836 0.486 0.555 0.242 0.670 0.150 0.200 
Target: 0.429 0.535 0.848 0.480 0.555 0.242 0.670 
Input: 0.487 0.307 0.837 0.458 0.380 0.152 0.330 0.400 0.100 
Target: 0.524 0.320 0.891 0.477 0.380 0.152 0.330 
Input: 0.520 0.309 0.855 0.588 0.524 0.152 0.670 0.300 0.250 
Target: 0.541 0.293 0.881 0.598 0.524 0.152 0.670 


Unit: 10
Vector: [ 0.429 0.469 0.777 0.514 0.490 0.191 0.539 0.300 0.773 ] 
Unit Error: 0.0237341897649
Visits: 570
Input: 0.489 0.498 0.886 0.436 0.477 0.196 0.670 0.400 0.850 
Target: 0.490 0.498 0.888 0.438 0.477 0.196 0.670 
Input: 0.584 0.901 0.901 0.270 0.562 0.148 0.330 0.250 0.950 
Target: 0.584 0.901 0.901 0.270 0.562 0.148 0.330 
Input: 0.447 0.704 0.779 0.471 0.559 0.164 0.330 0.300 0.950 
Target: 0.472 0.710 0.815 0.490 0.559 0.164 0.330 
Input: 0.351 0.753 0.760 0.337 0.584 0.293 0.330 0.250 0.850 
Target: 0.371 0.784 0.779 0.345 0.584 0.293 0.330 


Unit: 11
Vector: [ 0.246 0.522 0.457 0.454 0.449 0.137 0.632 0.699 0.477 ] 
Unit Error: 0.274815227881
Visits: 717
Input: 0.220 0.535 0.493 0.490 0.454 0.193 0.670 0.600 0.700 
Target: 0.171 0.535 0.421 0.522 0.454 0.193 0.670 
Input: 0.299 0.602 0.573 0.554 0.516 0.159 0.670 0.650 0.450 
Target: 0.268 0.619 0.524 0.548 0.516 0.159 0.670 
Input: 0.145 0.470 0.207 0.370 0.371 0.029 0.670 0.550 0.550 
Target: 0.129 0.453 0.191 0.364 0.371 0.029 0.670 
Input: 0.151 0.477 0.214 0.373 0.371 0.029 0.670 0.800 0.300 
Target: 0.148 0.474 0.211 0.371 0.371 0.029 0.670 


Unit: 12
Vector: [ 0.443 0.422 0.780 0.508 0.468 0.177 0.400 0.185 0.898 ] 
Unit Error: 0.503429855828
Visits: 948
Input: 0.427 0.358 0.777 0.562 0.434 0.179 0.330 0.100 0.800 
Target: 0.485 0.317 0.855 0.597 0.434 0.179 0.330 
Input: 0.385 0.372 0.719 0.541 0.434 0.179 0.330 0.200 1.000 
Target: 0.410 0.365 0.754 0.546 0.434 0.179 0.330 
Input: 0.339 0.280 0.679 0.481 0.392 0.214 0.330 0.250 0.900 
Target: 0.400 0.293 0.770 0.487 0.392 0.214 0.330 
Input: 0.530 0.655 0.867 0.404 0.596 0.120 0.330 0.150 1.000 
Target: 0.545 0.669 0.887 0.418 0.596 0.120 0.330 


Unit: 13
Vector: [ 0.368 0.563 0.666 0.466 0.453 0.184 0.569 0.874 0.499 ] 
Unit Error: 0.416542055448
Visits: 1241
Input: 0.435 0.703 0.650 0.525 0.365 0.137 0.670 0.950 0.400 
Target: 0.458 0.696 0.693 0.516 0.365 0.137 0.670 
Input: 0.326 0.362 0.706 0.404 0.458 0.256 0.670 0.850 0.450 
Target: 0.349 0.386 0.743 0.384 0.458 0.256 0.670 
Input: 0.398 0.535 0.752 0.383 0.482 0.192 0.670 0.950 0.650 
Target: 0.424 0.564 0.786 0.372 0.482 0.192 0.670 
Input: 0.517 0.647 0.850 0.405 0.596 0.120 0.330 0.950 0.550 
Target: 0.456 0.580 0.765 0.384 0.596 0.120 0.330 


Unit: 14
Vector: [ 0.273 0.459 0.530 0.491 0.470 0.178 0.481 0.808 0.226 ] 
Unit Error: 0.06781284876
Visits: 859
Input: 0.291 0.274 0.608 0.503 0.392 0.214 0.330 0.700 0.200 
Target: 0.313 0.274 0.640 0.506 0.392 0.214 0.330 
Input: 0.185 0.497 0.433 0.433 0.533 0.174 0.330 0.900 0.000 
Target: 0.155 0.476 0.386 0.415 0.533 0.174 0.330 
Input: 0.128 0.358 0.455 0.573 0.447 0.298 0.670 0.800 0.050 
Target: 0.113 0.388 0.398 0.565 0.472 0.263 0.670 
Input: 0.187 0.445 0.262 0.715 0.649 0.092 0.330 0.950 0.050 
Target: 0.171 0.497 0.256 0.723 0.665 0.082 0.330 


Unit: 15
Vector: [ 0.386 0.598 0.706 0.440 0.481 0.200 0.530 0.589 0.354 ] 
Unit Error: 0.0853498200953
Visits: 460
Input: 0.376 0.709 0.639 0.337 0.413 0.198 0.670 0.700 0.400 
Target: 0.412 0.757 0.669 0.356 0.413 0.198 0.670 
Input: 0.433 0.685 0.834 0.573 0.506 0.248 0.330 0.450 0.500 
Target: 0.452 0.669 0.867 0.589 0.506 0.248 0.330 
Input: 0.380 0.710 0.745 0.486 0.506 0.248 0.330 0.550 0.550 
Target: 0.375 0.710 0.738 0.495 0.506 0.248 0.330 
Input: 0.346 0.544 0.703 0.499 0.410 0.233 0.330 0.700 0.450 
Target: 0.315 0.541 0.660 0.483 0.410 0.233 0.330 


Unit: 16
Vector: [ 0.185 0.430 0.282 0.332 0.270 0.087 0.670 0.851 0.360 ] 
Unit Error: 3.5519935048
Visits: 824
Input: 0.103 0.229 0.155 0.257 0.157 0.027 0.670 0.900 0.750 
Target: 0.092 0.182 0.153 0.262 0.155 0.026 0.670 
Input: 0.144 0.320 0.157 0.265 0.163 0.029 0.670 1.000 0.600 
Target: 0.119 0.268 0.156 0.254 0.160 0.028 0.670 
Input: 0.152 0.377 0.177 0.318 0.207 0.046 0.670 0.650 0.050 
Target: 0.151 0.332 0.160 0.280 0.163 0.029 0.670 
Input: 0.149 0.432 0.210 0.347 0.272 0.073 0.670 0.800 0.200 
Target: 0.157 0.398 0.188 0.327 0.223 0.052 0.670 


Unit: 18
Vector: [ 0.422 0.553 0.764 0.451 0.490 0.194 0.461 0.348 0.330 ] 
Unit Error: 0.0233018520765
Visits: 684
Input: 0.558 0.689 0.853 0.367 0.434 0.106 0.330 0.500 0.250 
Target: 0.571 0.704 0.867 0.341 0.434 0.106 0.330 
Input: 0.350 0.563 0.704 0.437 0.491 0.215 0.330 0.250 0.400 
Target: 0.366 0.576 0.724 0.414 0.491 0.215 0.330 
Input: 0.318 0.690 0.519 0.453 0.509 0.108 0.330 0.500 0.300 
Target: 0.284 0.674 0.474 0.424 0.509 0.108 0.330 
Input: 0.177 0.386 0.285 0.680 0.585 0.133 0.330 0.600 0.500 
Target: 0.183 0.415 0.272 0.693 0.618 0.112 0.330 


Unit: 19
Vector: [ 0.417 0.544 0.783 0.443 0.486 0.204 0.331 0.074 0.234 ] 
Unit Error: 2.48450885098
Visits: 1082
Input: 0.475 0.627 0.884 0.472 0.559 0.215 0.330 0.050 0.300 
Target: 0.480 0.628 0.891 0.471 0.559 0.215 0.330 
Input: 0.397 0.626 0.773 0.526 0.559 0.215 0.330 0.050 0.150 
Target: 0.450 0.623 0.848 0.483 0.559 0.215 0.330 
Input: 0.405 0.641 0.763 0.332 0.486 0.212 0.330 0.100 0.050 
Target: 0.461 0.742 0.811 0.292 0.486 0.212 0.330 
Input: 0.349 0.558 0.701 0.359 0.486 0.212 0.330 0.000 0.100 
Target: 0.405 0.641 0.763 0.332 0.486 0.212 0.330 


Unit: 20
Vector: [ 0.401 0.488 0.724 0.527 0.509 0.187 0.447 0.328 0.712 ] 
Unit Error: 0.000333421713643
Visits: 981
Input: 0.385 0.354 0.625 0.477 0.518 0.106 0.330 0.100 0.900 
Target: 0.360 0.348 0.585 0.493 0.518 0.106 0.330 
Input: 0.284 0.267 0.511 0.538 0.580 0.259 0.330 0.500 0.650 
Target: 0.240 0.289 0.434 0.568 0.580 0.259 0.330 
Input: 0.376 0.242 0.305 0.596 0.697 0.028 0.330 0.250 0.750 
Target: 0.384 0.234 0.314 0.612 0.697 0.028 0.330 
Input: 0.381 0.260 0.343 0.665 0.697 0.028 0.330 0.100 0.700 
Target: 0.434 0.198 0.386 0.661 0.697 0.028 0.330 


Unit: 21
Vector: [ -1.000 0.000 0.000 0.000 0.000 0.000 0.000 0.215 0.124 ] 
Unit Error: 0.586725369402
Visits: 870
Input: -1.000 0.000 0.000 0.000 0.000 0.000 0.000 0.250 0.000 
Target: 0.384 0.631 0.753 0.542 0.559 0.215 0.330 
Input: -1.000 0.000 0.000 0.000 0.000 0.000 0.000 0.350 0.200 
Target: 0.487 0.522 0.818 0.376 0.387 0.143 0.330 
Input: -1.000 0.000 0.000 0.000 0.000 0.000 0.000 0.200 0.100 
Target: 0.402 0.386 0.705 0.541 0.397 0.138 0.670 
Input: -1.000 0.000 0.000 0.000 0.000 0.000 0.000 0.250 0.000 
Target: 0.269 0.644 0.587 0.424 0.491 0.238 0.670 


Unit: 22
Vector: [ 0.348 0.580 0.645 0.452 0.491 0.190 0.525 0.688 0.233 ] 
Unit Error: 0.00732203861199
Visits: 593
Input: 0.350 0.597 0.754 0.551 0.553 0.261 0.330 0.850 0.200 
Target: 0.317 0.608 0.707 0.522 0.553 0.261 0.330 
Input: 0.367 0.701 0.590 0.485 0.509 0.108 0.330 0.800 0.150 
Target: 0.335 0.695 0.543 0.464 0.509 0.108 0.330 
Input: 0.384 0.704 0.614 0.523 0.509 0.108 0.330 0.800 0.200 
Target: 0.383 0.702 0.614 0.494 0.509 0.108 0.330 
Input: 0.306 0.624 0.658 0.390 0.453 0.261 0.670 1.000 0.000 
Target: 0.254 0.568 0.601 0.355 0.453 0.261 0.670 


Unit: 23
Vector: [ 0.418 0.469 0.763 0.531 0.456 0.194 0.393 0.534 0.745 ] 
Unit Error: 0.0906932908796
Visits: 1064
Input: 0.464 0.500 0.880 0.590 0.376 0.235 0.330 0.500 0.700 
Target: 0.464 0.500 0.880 0.592 0.376 0.235 0.330 
Input: 0.525 0.320 0.893 0.474 0.380 0.152 0.330 0.550 0.850 
Target: 0.522 0.319 0.888 0.488 0.380 0.152 0.330 
Input: 0.244 0.666 0.599 0.400 0.503 0.296 0.330 0.500 1.000 
Target: 0.244 0.666 0.599 0.393 0.503 0.296 0.330 
Input: 0.112 0.472 0.170 0.409 0.404 0.027 0.670 0.500 0.450 
Target: 0.112 0.472 0.170 0.409 0.404 0.027 0.670 


Unit: 24
Vector: [ 0.412 0.509 0.755 0.514 0.497 0.197 0.439 0.143 0.638 ] 
Unit Error: 0.0571565415004
Visits: 523
Input: 0.336 0.745 0.650 0.598 0.552 0.215 0.330 0.000 0.800 
Target: 0.365 0.699 0.710 0.617 0.552 0.215 0.330 
Input: 0.380 0.671 0.739 0.542 0.552 0.215 0.330 0.150 0.700 
Target: 0.413 0.657 0.789 0.548 0.552 0.215 0.330 
Input: 0.299 0.647 0.645 0.449 0.468 0.262 0.330 0.100 0.750 
Target: 0.299 0.646 0.645 0.467 0.468 0.262 0.330 
Input: 0.441 0.594 0.722 0.600 0.504 0.105 0.330 0.400 0.600 
Target: 0.437 0.598 0.715 0.615 0.504 0.105 0.330 


Unit: 25
Vector: [ 0.264 0.563 0.488 0.598 0.549 0.148 0.373 0.731 0.431 ] 
Unit Error: 0.507648963321
Visits: 892
Input: 0.180 0.548 0.238 0.698 0.693 0.029 0.330 1.000 0.300 
Target: 0.165 0.574 0.229 0.690 0.693 0.029 0.330 
Input: 0.169 0.566 0.231 0.711 0.693 0.029 0.330 0.350 0.450 
Target: 0.174 0.559 0.234 0.700 0.693 0.029 0.330 
Input: 0.149 0.596 0.218 0.695 0.692 0.030 0.330 0.700 0.250 
Target: 0.177 0.551 0.234 0.719 0.693 0.029 0.330 
Input: 0.114 0.646 0.192 0.665 0.684 0.036 0.330 0.400 0.350 
Target: 0.105 0.666 0.180 0.673 0.688 0.032 0.330 


Unit: 26
Vector: [ 0.517 0.590 0.836 0.445 0.468 0.134 0.342 0.448 0.495 ] 
Unit Error: 0.621540822909
Visits: 1222
Input: 0.587 0.675 0.885 0.409 0.398 0.103 0.330 0.550 0.650 
Target: 0.586 0.675 0.885 0.410 0.398 0.103 0.330 
Input: 0.573 0.664 0.869 0.414 0.398 0.103 0.330 0.300 0.500 
Target: 0.587 0.675 0.885 0.409 0.398 0.103 0.330 
Input: 0.583 0.671 0.881 0.420 0.398 0.103 0.330 0.650 0.350 
Target: 0.581 0.670 0.879 0.419 0.398 0.103 0.330 
Input: 0.524 0.636 0.805 0.438 0.398 0.103 0.330 0.550 0.450 
Target: 0.561 0.656 0.853 0.430 0.398 0.103 0.330 


Unit: 27
Vector: [ 0.381 0.561 0.706 0.453 0.497 0.198 0.509 0.589 0.205 ] 
Unit Error: 0.00941371459576
Visits: 434
Input: 0.384 0.572 0.751 0.497 0.491 0.215 0.330 0.700 0.000 
Target: 0.361 0.568 0.720 0.452 0.491 0.215 0.330 
Input: 0.376 0.574 0.739 0.521 0.491 0.215 0.330 0.600 0.050 
Target: 0.384 0.572 0.751 0.497 0.491 0.215 0.330 
Input: 0.393 0.322 0.754 0.396 0.515 0.233 0.330 0.650 0.150 
Target: 0.407 0.344 0.782 0.416 0.515 0.233 0.330 
Input: 0.240 0.442 0.600 0.493 0.588 0.293 0.330 0.600 0.000 
Target: 0.203 0.435 0.537 0.448 0.588 0.293 0.330 


Unit: 27
Vector: [ -1.000 0.000 0.000 0.000 0.000 0.000 0.000 0.460 0.602 ] 
Unit Error: 0.186706962708
Visits: 1025
Input: -1.000 0.000 0.000 0.000 0.000 0.000 0.000 0.900 0.900 
Target: 0.242 0.540 0.525 0.477 0.454 0.193 0.670 
Input: -1.000 0.000 0.000 0.000 0.000 0.000 0.000 0.850 0.750 
Target: 0.393 0.546 0.808 0.420 0.433 0.263 0.670 
Input: -1.000 0.000 0.000 0.000 0.000 0.000 0.000 0.350 0.550 
Target: 0.264 0.404 0.657 0.381 0.475 0.291 0.670 
Input: -1.000 0.000 0.000 0.000 0.000 0.000 0.000 0.250 1.000 
Target: 0.410 0.234 0.737 0.531 0.488 0.216 0.670 


Unit: 28
Vector: [ 0.419 0.571 0.765 0.462 0.486 0.201 0.621 0.215 0.465 ] 
Unit Error: 0.208933010741
Visits: 910
Input: 0.279 0.653 0.605 0.408 0.491 0.245 0.670 0.050 0.500 
Target: 0.309 0.687 0.649 0.392 0.491 0.258 0.670 
Input: 0.502 0.615 0.798 0.523 0.413 0.117 0.670 0.000 0.350 
Target: 0.514 0.609 0.817 0.532 0.413 0.117 0.670 
Input: 0.492 0.637 0.862 0.574 0.519 0.176 0.670 0.150 0.500 
Target: 0.498 0.633 0.871 0.561 0.519 0.176 0.670 
Input: 0.418 0.578 0.887 0.578 0.562 0.297 0.670 0.350 0.700 
Target: 0.418 0.578 0.887 0.578 0.562 0.297 0.670 


Unit: 28
Vector: [ 0.303 0.560 0.563 0.411 0.448 0.170 0.643 0.544 0.204 ] 
Unit Error: 0.17023964857
Visits: 942
Input: 0.121 0.541 0.328 0.362 0.516 0.159 0.670 0.400 0.000 
Target: 0.115 0.536 0.321 0.316 0.516 0.159 0.670 
Input: 0.227 0.627 0.461 0.494 0.516 0.159 0.670 0.250 0.150 
Target: 0.236 0.632 0.472 0.459 0.516 0.159 0.670 
Input: 0.261 0.623 0.512 0.546 0.516 0.159 0.670 0.450 0.300 
Target: 0.259 0.624 0.508 0.532 0.516 0.159 0.670 
Input: 0.270 0.437 0.290 0.213 0.159 0.029 0.670 0.900 0.450 
Target: 0.266 0.423 0.296 0.192 0.159 0.029 0.670 


